A = [17 0 0; -2 9 3; 1 0 11];
B = [0 1 0]'
C= [1 0 0]
poly([-1.5 -2.5 -3])
Areq = [17 0 0; -2 9 3; -11.25 -15.75 -7];