A6 = [0 1 0; 0 0 1;-9 27 -11]
B6 =[0 0 1]'
C6 = [1 0 0]

poly([-200 -202 -206])