A3=[0 1 0; 0 0 1;1683 788 -5]
B3 = [0 0 1]'
C3 = [9 7 0]
Areq3 =[0 1 0;0 0 1; -6 -11 -6]